20051946
51431447
8550926
29585969
14142575
38305730
22715570
121508093
65564712
107518216
74631719
69472858
113255693
10702714
98541760
49638481
43801672
98518617
97715801
15195970
111211436
117598903
98085244
23026769
473255
121320861
33002006
75528980
85995147
81574935
64938822
51953229
96568237
118760600
67839185
28478240
102017830
64266365
75767337
83766430
122422985
69070030
84073318
92335165
56721488
89369005
120177906
64727751
51831742
60450652
112757139
9695344
31614157
98285760
92278653
5779813
58049612
68508702
51399378
109687070
103868070
68348054
14547609
50724517
108576468
44384595
37698364
54882325
58740075
39570245
66164834
32487848
67994976
45058518
40789568
94508486
9155492
12542229
25003645
93749395
81684596
68394090
36555542
112117395
107860280
50271331
8879027
78657211
102176497
97932431
37527807
52374976
93434622
9997531
118823838
68788382
92446258
82416892
29284549
68475047
